Move
c:1.0700000000000007
p:0.5600000000000004
d:-0.30999999999999994
g:2.489999999999998
t:1.0300000000000005
Hold
c:0.2499999999999998
e:0.3799999999999999
o:0.4599999999999995
g:-1.5400000000000014
t:1.9500000000000015
Support
g:2.4099999999999984
t:3.029999999999995
c:-0.610000000000001
