Move
c:0.31999999999999995
p:0.7700000000000005
d:0.2
g:1.3800000000000006
t:0.22
Hold
c:0.1
e:0.11000000000000001
o:0.6099999999999997
g:0.22999999999999968
t:-0.11999999999999997
Support
g:0.1599999999999997
t:0.9000000000000006
c:0.6799999999999997
