Move
c:0.05000000000000002
p:-2.4999999999999982
d:2.2699999999999996
g:0.9900000000000002
t:1.1500000000000006
Hold
c:-1.0100000000000007
e:1.1600000000000008
o:2.6799999999999966
g:-1.7800000000000016
t:-0.9900000000000004
Support
g:0.3099999999999996
t:-1.1100000000000005
c:1.01
