Move
c:1.9700000000000013
p:-0.45999999999999996
d:-2.7699999999999965
g:3.4499999999999917
t:-0.8900000000000006
Hold
c:3.669999999999991
e:1.1600000000000006
o:1.7200000000000006
g:0.9199999999999999
t:2.2499999999999996
Support
g:3.1299999999999937
t:0.21000000000000008
c:2.5099999999999976
