Move
c:2.2699999999999996
p:-1.0000000000000004
d:0.3500000000000001
g:1.890000000000001
t:1.690000000000001
Hold
c:0.9700000000000004
e:-2.26
o:-1.8200000000000018
g:0.8
t:3.4499999999999926
Support
g:0.4299999999999998
t:-1.1700000000000008
c:-1.0300000000000011
