Move
c:0.7700000000000004
p:0.3800000000000001
d:0.23
g:-0.030000000000000415
t:0.5500000000000003
Hold
c:1.390000000000001
e:0.20000000000000007
o:1.06
g:0.2599999999999997
t:-0.32999999999999996
Support
g:1.0900000000000003
t:0.33000000000000007
c:0.83
